15.333
13.6321
12.1506
11.1822
10.4328
9.79986
9.28211
8.84279
8.49218
8.2152
7.98302
7.791
7.63075
7.5007
7.40414
7.33493
7.31358
7.29347
7.26683
7.23425
7.20167
7.16713
7.12954
7.09097
7.05193
7.00769
6.96318
6.92057
6.87517
6.83015
6.78725
6.74411
6.70055
6.65851
6.61735
6.57888
6.54149
6.50618
6.47246
6.44085
6.41042
6.38148
6.35783
6.3385
6.31713
6.29493
6.2755
6.25327
6.23129
6.2126
6.19678
6.18195
6.1687
6.15604
6.14314
6.13057
6.11918
6.10862
6.09912
6.09011
6.08179
6.07426
6.06778
6.05948
6.05585
6.04689
6.03931
6.0397
6.03116
6.02717
6.02321
6.01936
6.01645
6.01321
6.01001
6.00756
6.00508
6.00277
6.00055
5.99851
5.99638
5.99495
5.99253
5.99161
5.98704
5.98541
5.98555
5.98315
5.98114
5.97997
5.97862
5.97821
5.97696
5.97551
5.97475
5.97352
5.97258
5.97151
5.97051
5.96937
