7.05425
6.29079
5.64998
5.36589
5.21098
5.10134
5.03164
4.97631
4.93464
4.9243
4.92147
4.93011
4.94237
4.96043
4.98421
5.01165
5.04917
5.10101
5.10939
5.10878
5.10214
5.09473
5.08658
5.07827
5.07
5.06318
5.05276
5.04388
5.03837
5.03135
5.02591
5.02292
5.01965
5.01691
5.01488
5.01263
5.01116
5.00944
5.00863
5.00847
5.00919
5.00995
5.01111
5.01567
5.02172
5.02469
5.02539
5.02748
5.02566
5.02324
5.02351
5.02515
5.02658
5.02849
5.02968
5.02981
5.02995
5.03022
5.03056
5.03081
5.03101
5.03106
5.03159
5.03289
5.03202
5.03555
5.03343
5.03223
5.03843
5.03537
5.0365
5.03721
5.03769
5.03885
5.03934
5.03972
5.04065
5.04128
5.04194
5.0425
5.04303
5.0433
5.04412
5.04392
5.04514
5.04273
5.04316
5.04532
5.04484
5.04467
5.04526
5.04558
5.04674
5.04691
5.04683
5.04734
5.04736
5.04763
5.04777
5.04798
5.04807
