0.0124316
0.011695
0.00996024
0.00888697
0.00845381
0.00795323
0.00765335
0.00749063
0.0077249
0.00813394
0.00835255
0.00853882
0.00872434
0.00880462
0.00891611
0.00897801
0.00904695
0.00938554
0.00961742
0.00977421
0.00986394
0.00996202
0.0100473
0.0100924
0.0101611
0.0102208
0.0102802
0.0103231
0.0103519
0.0103602
0.0103571
0.0103641
0.0103835
0.0103552
0.0103454
0.0103447
0.0103637
0.0103659
0.0103593
0.0103519
0.0103501
0.010343
0.0103314
0.0103356
0.0103951
0.0104346
0.0104705
0.0104877
0.0104863
0.0104573
0.0104014
0.0103549
0.0103214
0.0102842
0.0102619
0.0102468
0.0102155
0.0101981
0.0101801
0.0101688
0.010149
0.0101269
0.0100939
0.0100561
0.0100191
0.00998142
0.0099441
0.00991541
0.00989534
0.00987719
0.00986066
0.00985045
0.00984241
0.00982759
0.00981091
0.00978806
0.00976505
0.00974701
0.0097266
0.00970744
0.00969412
0.00968239
0.00967181
0.00966078
0.00964949
0.00963511
0.00962279
0.00961058
0.00959995
0.00959053
0.0095836
0.00957652
0.00956954
0.00956565
0.00956061
0.00955633
0.00955111
0.00954632
0.00954009
0.00953213
0.00952297
