2.37284e+06
2.16625e+06
2.07609e+06
2.00086e+06
1.94251e+06
1.89839e+06
1.8666e+06
1.84348e+06
1.82586e+06
1.81172e+06
1.80025e+06
1.79068e+06
1.78257e+06
1.7755e+06
1.76919e+06
1.76349e+06
1.75838e+06
1.7527e+06
1.74666e+06
1.74074e+06
1.73567e+06
1.73208e+06
1.73162e+06
1.73387e+06
1.73808e+06
1.7464e+06
1.75706e+06
1.76401e+06
1.76959e+06
1.77489e+06
1.78297e+06
1.79238e+06
1.78882e+06
1.78569e+06
1.78254e+06
1.77942e+06
1.77692e+06
1.7748e+06
1.77305e+06
1.77178e+06
1.77121e+06
1.77048e+06
1.76958e+06
1.76905e+06
1.76885e+06
1.76909e+06
1.76989e+06
1.77113e+06
1.77245e+06
1.77114e+06
1.76856e+06
1.7664e+06
1.76459e+06
1.76313e+06
1.76192e+06
1.76101e+06
1.7603e+06
1.75981e+06
1.75947e+06
1.7592e+06
1.75899e+06
1.75892e+06
1.75899e+06
1.75916e+06
1.7595e+06
1.76013e+06
1.76112e+06
1.7623e+06
1.76278e+06
1.76199e+06
1.76109e+06
1.7603e+06
1.75969e+06
1.75915e+06
1.75869e+06
1.7583e+06
1.75797e+06
1.75767e+06
1.75741e+06
1.75717e+06
1.75695e+06
1.75675e+06
1.75656e+06
1.75639e+06
1.75622e+06
1.75607e+06
1.75592e+06
1.75579e+06
1.75566e+06
1.75555e+06
1.75546e+06
1.75537e+06
1.75529e+06
1.75521e+06
1.75513e+06
1.75506e+06
1.75499e+06
1.75493e+06
1.75487e+06
1.75482e+06
1.75478e+06
1.75474e+06
1.7547e+06
1.75468e+06
1.75465e+06
1.75463e+06
1.75461e+06
1.7546e+06
1.75459e+06
1.75458e+06
1.75458e+06
1.75458e+06
1.75458e+06
1.75458e+06
1.75459e+06
1.7546e+06
1.75461e+06
1.75463e+06
1.75464e+06
1.75466e+06
1.75468e+06
1.75471e+06
1.75473e+06
1.75476e+06
1.75479e+06
1.75482e+06
1.75485e+06
1.75489e+06
1.75493e+06
1.75496e+06
1.755e+06
1.75504e+06
1.75508e+06
1.75511e+06
1.75515e+06
1.75519e+06
1.75524e+06
1.75528e+06
1.75532e+06
1.75537e+06
1.75541e+06
1.75546e+06
1.7555e+06
1.75555e+06
1.75559e+06
1.75564e+06
1.75569e+06
1.75575e+06
1.7558e+06
1.75585e+06
1.75591e+06
1.75597e+06
1.75602e+06
1.75608e+06
1.75614e+06
1.7562e+06
1.75626e+06
1.75633e+06
1.75639e+06
1.75646e+06
1.75652e+06
1.75659e+06
1.75667e+06
1.75675e+06
1.75683e+06
1.75692e+06
1.75701e+06
1.75711e+06
1.75721e+06
1.75732e+06
1.75744e+06
1.75757e+06
1.75772e+06
1.75787e+06
1.75803e+06
1.75818e+06
1.75834e+06
1.75851e+06
1.75869e+06
1.75888e+06
1.75909e+06
1.75936e+06
1.75966e+06
1.7599e+06
1.75991e+06
1.75986e+06
1.75986e+06
1.75988e+06
1.75991e+06
1.75995e+06
1.75999e+06
1.76004e+06
1.76009e+06
1.76015e+06
1.7602e+06
1.76026e+06
1.76032e+06
1.76038e+06
1.76043e+06
1.76049e+06
1.76054e+06
1.7606e+06
1.76066e+06
1.76072e+06
1.76079e+06
1.76087e+06
1.76094e+06
1.76102e+06
1.76112e+06
1.76123e+06
1.76136e+06
1.76149e+06
1.76163e+06
1.76177e+06
1.76193e+06
1.76212e+06
1.76235e+06
1.76268e+06
1.76314e+06
1.76322e+06
1.76312e+06
1.76308e+06
1.76305e+06
1.76304e+06
1.76303e+06
1.76304e+06
1.76305e+06
1.76306e+06
1.76307e+06
1.76308e+06
1.76308e+06
1.76308e+06
1.76307e+06
1.76307e+06
1.76306e+06
1.76305e+06
1.76304e+06
1.76303e+06
1.76302e+06
1.76301e+06
1.763e+06
1.76298e+06
1.76297e+06
1.76296e+06
1.76295e+06
1.76295e+06
1.76294e+06
1.76293e+06
1.76293e+06
1.76292e+06
1.76292e+06
