0.00377698
0.00451472
0.0050011
0.00533676
0.00561346
0.00564299
0.00567825
0.00570233
0.0057395
0.00574156
0.0058025
0.0058911
0.00602238
0.00627716
0.00696915
0.00854621
0.0108254
0.0120494
0.0122445
0.012217
0.0121928
0.0121806
0.0122747
0.0123672
0.0122203
0.0120064
0.0119558
0.0120572
0.0121095
0.0121889
0.0123734
0.0123645
0.0124849
0.0125704
0.0125515
0.0125173
0.0124791
0.0124139
0.0123443
0.0122461
0.0121666
0.0120643
0.0119732
0.0118601
0.0117297
0.0116019
0.0115053
0.0115236
0.0119779
0.0120427
0.012074
0.0120654
0.0120577
0.0120617
0.0120411
0.0120511
0.0120391
0.0120298
0.0120331
0.0120364
0.0120253
0.0120181
0.0120108
0.0120001
0.0119881
0.0119941
0.012019
0.0120899
0.0122021
0.0122839
0.0123255
0.012268
0.0122629
0.0122546
0.0122477
0.0122467
0.0122451
0.0122418
0.0122406
0.0122392
0.0122371
0.012233
0.0122307
0.0122271
0.0122248
0.0122205
0.0122162
0.012212
0.0122073
0.0122033
0.0121992
0.0121945
0.0121906
0.0121866
0.0121832
0.012178
0.0121718
0.0121655
0.0121593
0.0121529
0.012147
0.0121402
0.0121333
0.0121262
0.0121191
0.0121118
0.0121042
0.0120965
0.012089
0.0120824
0.0120751
0.012068
0.0120608
0.0120533
0.0120458
0.0120383
0.0120308
0.012023
0.0120151
0.0120072
0.0119995
0.0119917
0.0119837
0.0119757
0.0119674
0.0119592
0.0119513
0.0119431
0.0119348
0.011926
0.0119174
0.0119088
0.0119001
0.0118915
0.0118829
0.011874
0.0118648
0.0118554
0.0118462
0.0118377
0.0118293
0.0118204
0.0118106
0.0118008
0.0117913
0.0117817
0.0117717
0.0117622
0.0117528
0.0117438
0.0117349
0.0117278
0.011719
0.0117099
0.0117011
0.011692
0.0116831
0.011674
0.0116655
0.0116567
0.0116481
0.0116389
0.0116297
0.0116204
0.0116119
0.0116034
0.0115955
0.0115875
0.0115787
0.0115692
0.0115599
0.0115514
0.0115469
0.0115425
0.0115398
0.0115371
0.0115326
0.0115249
0.011519
0.0115141
0.0115066
0.0115127
0.0115308
0.0115496
0.0115408
0.0115158
0.0114968
0.0114774
0.0114593
0.0114425
0.0114266
0.0114117
0.0113976
0.0113849
0.0113727
0.0113606
0.0113482
0.0113376
0.0113266
0.0113154
0.0113042
0.0112919
0.0112805
0.0112691
0.0112579
0.0112508
0.0112393
0.011227
0.0112156
0.0112042
0.0111963
0.0111896
0.0111813
0.0111688
0.0111567
0.0111445
0.0111338
0.0111457
0.0111852
0.0111849
0.0111644
0.0111465
0.0111259
0.0111068
0.0110891
0.0110726
0.0110568
0.0110428
0.0110304
0.0110177
0.0110059
0.0109946
0.0109831
0.010971
0.010959
0.0109471
0.0109352
0.0109238
0.0109129
0.0109022
0.0108915
0.0108811
0.0108708
0.0108606
0.0108504
0.0108404
0.0108306
0.0108208
0.010811
0.0108013
0.0107916
