14.9978
13.8155
12.1213
11.0364
10.264
9.65816
9.2035
8.86454
8.5967
8.37129
8.18424
8.04842
7.95816
7.91635
7.89176
7.83419
7.78787
7.74218
7.69626
7.65147
7.60078
7.55092
7.50093
7.44848
7.39852
7.34401
7.29208
7.24305
7.19561
7.15079
7.11011
7.07779
7.05156
7.012
6.97278
6.93292
6.89594
6.86111
6.82841
6.79782
6.77026
6.7455
6.72379
6.7014
6.68354
6.66602
6.65117
6.63349
6.61587
6.60187
6.58958
6.57812
6.56844
6.55879
6.54973
6.54221
6.53502
6.52856
6.52216
6.51641
6.51067
6.50579
6.50164
6.4952
6.49397
6.48692
6.48096
6.48328
6.47599
6.47337
6.47065
6.46766
6.46551
6.46273
6.45983
6.45759
6.4552
6.45284
6.45048
6.44819
6.4458
6.4443
6.44175
6.44086
6.43605
6.43433
6.43456
6.432
6.43003
6.42881
6.42735
6.4269
6.42551
6.42405
6.42317
6.4218
6.42071
6.41952
6.41839
6.41715
