7.05425
6.91177
6.16342
5.80819
5.6211
5.49932
5.41939
5.36532
5.35582
5.36372
5.37888
5.41153
5.45519
5.51461
5.5982
5.59495
5.57335
5.55709
5.54116
5.52487
5.51102
5.49551
5.4838
5.47576
5.46807
5.46418
5.45623
5.45059
5.44765
5.44462
5.44272
5.44378
5.45053
5.45944
5.45547
5.45195
5.4481
5.44537
5.44278
5.44061
5.43922
5.43885
5.43854
5.43948
5.43839
5.44029
5.44071
5.44227
5.44023
5.43762
5.43756
5.43835
5.43908
5.44062
5.44119
5.44166
5.44283
5.44357
5.44435
5.44479
5.44544
5.44573
5.44655
5.44794
5.44693
5.45082
5.44847
5.44694
5.45339
5.45007
5.45125
5.45211
5.45265
5.45398
5.45451
5.45491
5.45587
5.45649
5.45706
5.45755
5.45806
5.45836
5.45942
5.45933
5.46084
5.45842
5.45903
5.46154
5.46118
5.46124
5.46198
5.46243
5.46385
5.46426
5.46449
5.46526
5.4655
5.46599
5.46634
5.46672
5.46695
