0.0128795
0.0118234
0.0103069
0.00924406
0.00867373
0.00834497
0.00801958
0.00851012
0.00908659
0.00939217
0.00958185
0.0097907
0.00987016
0.0100749
0.0105034
0.0107254
0.0108547
0.010955
0.0110169
0.0110969
0.0111889
0.0112498
0.0113288
0.0113796
0.0114296
0.0114831
0.0115349
0.0115799
0.0116201
0.0116797
0.0117385
0.0117513
0.011789
0.0118883
0.0119415
0.0119674
0.0119498
0.0119367
0.0119199
0.0118866
0.0118187
0.0117545
0.011708
0.0116538
0.0116005
0.0115488
0.0115116
0.0114683
0.0114244
0.0113705
0.011321
0.0112689
0.0112168
0.0111636
0.0111175
0.0110706
0.0110236
0.0109865
0.0109574
0.0109265
0.010895
0.0108634
0.0108323
0.0107943
0.0107461
0.0107031
0.0106675
0.0106321
0.0106028
0.0105745
0.0105462
0.0105228
0.0104965
0.0104688
0.0104451
0.0104179
0.0103915
0.0103688
0.0103468
0.0103248
0.0103022
0.0102805
0.0102617
0.0102413
0.0102209
0.010199
0.0101762
0.0101535
0.0101316
0.0101145
0.0100985
0.0100803
0.0100628
0.0100471
0.0100345
0.010022
0.0100094
0.00999638
0.00998371
0.00996976
