708.141
617.162
562.853
543.301
532.607
529.287
528.8
531.79
538.749
547.497
544.689
541.104
538.582
536.272
534.378
532.855
531.471
530.416
529.664
529.046
528.697
528.609
529.114
529.923
529.519
529.362
529.371
529.606
529.508
529.507
529.655
529.864
530.086
530.368
530.511
530.617
530.763
530.887
531.081
531.273
531.444
531.615
531.76
532.031
532.077
532.367
532.562
532.863
532.813
532.658
532.692
532.798
532.849
532.982
533.025
533.057
533.146
533.193
533.265
533.325
533.386
533.407
533.382
533.534
533.461
533.702
533.804
533.378
533.958
533.65
533.65
533.719
533.756
533.874
533.892
533.893
533.953
533.966
534.003
534.029
534.059
534.069
534.031
534.151
534.066
534.263
534.337
533.937
534.382
534.117
534.086
534.141
534.17
534.288
534.309
534.307
534.371
534.384
534.423
534.447
534.471
534.486
534.463
534.572
534.499
534.682
534.752
534.95
534.811
534.571
534.547
534.596
534.622
534.733
534.757
534.769
534.838
534.862
534.905
534.936
534.974
