715.81
623.208
567.779
547.422
536.202
532.503
531.707
534.451
541.24
549.906
547.045
543.413
540.846
538.488
536.539
534.953
533.496
532.363
531.529
530.827
530.397
530.235
530.675
531.427
530.968
530.76
530.722
530.915
530.78
530.745
530.863
531.045
531.243
531.504
531.629
531.718
531.849
531.96
532.141
532.323
532.484
532.647
532.783
533.047
533.088
533.372
533.562
533.858
533.804
533.644
533.675
533.778
533.826
533.956
533.996
534.026
534.113
534.157
534.228
534.286
534.345
534.364
534.337
534.489
534.413
534.654
534.754
534.327
534.906
534.597
534.596
534.664
534.7
534.818
534.835
534.835
534.895
534.907
534.944
534.969
534.999
535.008
534.97
535.089
535.003
535.201
535.273
534.873
535.318
535.052
535.021
535.075
535.104
535.222
535.242
535.24
535.303
535.316
535.355
535.378
535.402
535.416
535.393
535.502
535.428
535.61
535.68
535.878
535.738
535.498
535.473
535.523
535.548
535.658
535.682
535.694
535.762
535.785
535.828
535.859
535.896
