0.0251583
0.0208454
0.0180908
0.0171016
0.0172987
0.0186592
0.0193339
0.0198511
0.0203358
0.0212691
0.0217978
0.022025
0.0222307
0.02238
0.022539
0.0226518
0.0227167
0.0227624
0.0227981
0.0228128
0.0228511
0.0229005
0.0229841
0.0231077
0.0231478
0.0230937
0.0230302
0.0229705
0.0228593
0.0227493
0.022647
0.0225349
0.0224338
0.022334
0.0222524
0.0221834
0.0221053
0.0220049
0.0219097
0.0218194
0.0217246
0.0216301
0.0215471
0.0214833
0.0214139
0.0213357
0.0212651
0.0211965
0.0211316
0.0210744
0.0210198
0.0209757
0.0209336
0.0208941
0.0208549
0.0208132
0.0207711
0.0207285
0.0206892
0.0206551
0.0206254
0.020597
0.0205697
0.0205381
0.0205047
0.0204732
0.0204438
0.020414
0.0203858
0.0203573
0.0203311
0.0203063
0.020284
0.0202645
0.0202468
0.0202291
0.0202111
0.0201931
0.0201739
0.0201544
0.0201377
0.0201231
0.0201076
0.0200915
0.0200738
0.0200563
0.0200406
0.0200247
0.0200096
0.0199938
0.0199766
0.0199595
0.0199432
0.0199266
0.0199126
0.0198984
0.0198826
0.0198673
0.0198517
0.0198359
0.0198202
0.0198045
0.019791
0.0197766
0.0197606
0.0197441
0.0197279
0.0197116
0.019695
0.0196804
0.0196664
0.0196524
0.0196372
0.0196213
0.0196051
0.0195881
0.019571
0.019554
0.0195367
0.0195198
0.0195028
