25446.2
22580.6
2.55224
2.26367
20987.9
2.10317
20039.4
2.00781
1.95644
19523.9
1.9269
19227.4
1.90706
19028.1
1.89273
1.8819
18883.4
1.87349
18773.7
1.86687
2.39394e+06
18688.1
1.86171
1.85778
2.16854e+06
18620.2
1.85498
18566.7
2.03477e+06
1.85355
1.85475
18525.3
1.95072e+06
1.85715
18494.9
1.85996
1.89792e+06
18477.9
1.86284
1.86565
1.86439e+06
18486.8
1.86845
18507.4
1.87121
1.84221e+06
1.87412
18531.7
1.87749
1.82563e+06
18556.3
1.88225
1.81249e+06
18580.3
1.8873
1.891
18603.6
1.80172e+06
1.89446
18626.4
1.89764
1.79253e+06
1.90058
18649.7
1.90348
1.78453e+06
18677
1.90666
18713.2
1.91027
1.77751e+06
1.91494
18762.5
1.77128e+06
1.92062
18796
1.92509
1.76604e+06
1.92933
18827.2
1.93354
18856
1.76277e+06
1.93741
18883.2
1.9413
1.76028e+06
1.94527
18911.1
1.9496
1.75809e+06
18941.3
1.95414
1.75592e+06
1.95854
18976.5
1.96201
19022
1.75373e+06
1.9648
19080.1
1.9669
1.75156e+06
1.96843
19125.9
1.96957
1.74944e+06
19166.9
1.97035
1.97101
19207.9
1.74741e+06
1.97161
19246.1
1.9721
1.74562e+06
19284.5
1.97243
1.74407e+06
1.97255
19324.5
1.9727
19366.2
1.74297e+06
1.97298
1.9733
19407.4
1.74238e+06
1.97369
19449.3
1.97441
1.74261e+06
19484.8
1.97444
1.97469
1.74383e+06
19512.6
1.97455
19533.2
1.74491e+06
1.97416
19548.8
1.97381
1.74639e+06
1.97347
19560.5
1.97306
1.74836e+06
19569.3
1.9727
1.97243
19577.4
1.75087e+06
1.97222
19585.8
1.97201
1.7541e+06
19592.5
1.97176
1.97153
1.75816e+06
19598.5
1.97125
19604
1.76336e+06
1.97098
1.97075
19608.4
1.76998e+06
1.97049
19615.3
1.97025
1.77503e+06
19620.3
1.96998
1.96969
19621
1.77895e+06
1.96945
19625.5
1.96922
1.78226e+06
1.96901
19625.4
1.78534e+06
1.96882
19623.2
1.96862
1.78829e+06
1.96839
19621
1.9682
1.79109e+06
1.968
19618.4
1.96782
1.79409e+06
19616.6
1.96763
1.96741
1.79707e+06
19615
1.96716
1.80002e+06
1.9669
19614.5
1.96667
1.80304e+06
1.96643
19614.1
1.96621
1.80646e+06
19614.2
1.966
1.9658
1.81074e+06
19614.1
1.96558
1.9654
19613.3
1.81507e+06
1.96521
1.96504
1.81853e+06
1.96486
1.96467
1.81994e+06
1.9645
1.96434
1.81996e+06
1.96417
1.964
1.96384
1.96366
1.96351
1.96336
0.025523
1.81888e+06
1.96322
0.0225287
1.96309
0.0209737
1.96297
0.0200533
1.96287
0.0195585
1.81687e+06
1.96277
0.019261
1.96267
1.81522e+06
0.0190559
1.96258
0.0189055
1.9625
1.81367e+06
0.0187905
1.96243
0.0187005
1.96236
0.0186286
1.81207e+06
1.96229
0.0185717
1.96223
0.0185275
1.96218
0.018495
1.81042e+06
1.96213
0.0184741
1.96209
0.0184761
1.96205
0.018494
1.80889e+06
0.0185168
1.96203
0.0185409
1.96201
0.0185648
1.962
0.0185894
1.96199
0.0186154
1.96199
0.0186391
1.96199
0.0186645
1.96199
0.0186962
1.96199
0.0187394
1.962
0.018782
1.96202
0.018814
1.96205
0.0188485
1.80751e+06
1.96208
0.018883
1.96212
0.0189161
1.96217
0.0189522
1.96224
0.0189908
1.96226
0.0190315
1.9623
0.0190856
1.96234
1.80619e+06
0.0191551
1.9624
0.0192001
1.96248
0.0192369
1.96258
0.0192703
1.96269
0.0192997
1.96281
0.0193254
0.0193547
0.0193859
0.0194183
0.0194434
0.0194642
0.0194788
1.80498e+06
0.0194888
0.0194951
0.0194971
0.0194986
0.0194965
0.0194919
0.0194825
0.01947
0.0194571
0.0194452
0.0194329
1.80374e+06
0.0194213
0.0194116
0.019403
0.0193953
1.80265e+06
0.019388
0.0193818
0.0193755
0.01937
1.80159e+06
0.0193653
0.0193604
0.0193566
1.80066e+06
0.0193533
0.0193508
1.79977e+06
0.0193485
0.0193467
1.79885e+06
0.0193449
0.019343
1.79802e+06
0.0193418
0.0193414
1.79725e+06
0.0193417
0.0193426
1.79657e+06
0.0193452
0.0193584
1.79592e+06
0.0193556
0.0193529
1.7953e+06
0.0193505
0.0193485
1.79475e+06
0.019347
1.79424e+06
0.0193457
0.0193452
1.7937e+06
0.0193447
0.0193439
1.79319e+06
0.0193437
0.019344
1.79276e+06
0.0193448
0.0193457
1.79237e+06
0.0193488
0.0193556
1.792e+06
0.0193667
0.0193772
1.79171e+06
0.0193748
1.7914e+06
0.019373
0.01937
1.79113e+06
0.0193671
0.019365
1.79089e+06
0.0193619
0.0193592
1.79067e+06
0.0193565
0.019354
1.79047e+06
0.0193518
0.0193497
1.79026e+06
0.0193477
0.0193458
1.79007e+06
0.0193441
0.0193425
1.7899e+06
0.0193411
1.78975e+06
0.0193399
0.0193388
1.78961e+06
0.0193379
0.0193371
1.78947e+06
0.0193364
0.0193359
1.78939e+06
0.0193357
0.0193357
1.78932e+06
0.0193351
0.0193338
1.78924e+06
0.0193325
0.0193314
1.7892e+06
0.0193306
0.01933
1.78917e+06
0.0193295
1.78912e+06
0.0193291
0.019329
1.78909e+06
0.0193294
0.0193321
1.78907e+06
0.019331
0.0193299
1.78902e+06
0.0193289
0.0193276
1.78899e+06
0.0193263
0.0193251
1.78898e+06
0.0193239
0.0193228
1.78895e+06
0.0193218
1.78893e+06
0.0193209
0.0193199
1.78892e+06
0.019319
0.0193182
1.7889e+06
0.0193174
0.0193167
1.78888e+06
0.0193161
0.0193154
1.78886e+06
0.0193147
1.78884e+06
1.78882e+06
1.78878e+06
1.78875e+06
1.78872e+06
1.78869e+06
1.78865e+06
1.78863e+06
1.78861e+06
1.78858e+06
1.78854e+06
1.78852e+06
1.78849e+06
1.78847e+06
1.78843e+06
1.78839e+06
1.78836e+06
1.78832e+06
1.78827e+06
1.78824e+06
1.7882e+06
1.78818e+06
1.78816e+06
1.78814e+06
1.78813e+06
1.78811e+06
1.7881e+06
1.78809e+06
1.78809e+06
1.78809e+06
1.7881e+06
1.7881e+06
1.7881e+06
1.78811e+06
1.78811e+06
1.7881e+06
1.7881e+06
1.78811e+06
1.78811e+06
1.78812e+06
1.78812e+06
