25505.4
22637
61.6863
58.6689
21041.3
55.5102
20090.3
52.8419
50.5881
19572.5
48.5762
19274.1
46.734
19072.9
45.0299
43.448
18926.6
41.9822
18815.3
40.6361
2.394e+06
18728.2
39.4079
38.2989
2.1686e+06
18658.9
37.3114
18604.3
2.03483e+06
36.4038
35.5624
18561.7
1.95077e+06
34.774
18530.3
34.0288
1.89796e+06
18512.4
33.3161
32.6318
1.86444e+06
18520.5
31.968
18540.3
31.3185
1.84225e+06
30.6767
18563.8
30.041
1.82567e+06
18587.7
29.4092
1.81253e+06
18611.1
28.7731
28.1248
18633.6
1.80176e+06
27.4639
18655.7
26.7884
1.79257e+06
26.0981
18678.4
25.3921
1.78456e+06
18705
24.674
18740.6
23.9454
1.77754e+06
23.212
18789.3
1.77131e+06
22.4743
18822.1
21.7309
1.76608e+06
20.9893
18852.6
20.257
18880.7
1.7628e+06
19.5424
18907.2
18.8553
1.76032e+06
18.2049
18934.4
17.5998
1.75812e+06
18963.8
17.0403
1.75595e+06
16.5171
18998.2
16.0257
19043
1.75376e+06
15.5651
19100.3
15.1326
1.75159e+06
14.7247
19145.4
14.3401
1.74947e+06
19185.6
13.975
13.6295
19225.9
1.74744e+06
13.2987
19263.4
12.9814
1.74564e+06
19301.1
12.6755
1.7441e+06
12.3798
19340.5
12.0938
19381.7
1.743e+06
11.8179
11.5513
19422.3
1.7424e+06
11.2931
19463.7
11.0426
1.74263e+06
19498.8
10.8009
10.57
1.74385e+06
19526.2
10.351
19546.3
1.74493e+06
10.1433
19561.5
9.94712
1.74641e+06
9.76181
19572.8
9.58688
1.74838e+06
19581.3
9.42175
9.26616
19589
1.75089e+06
9.12031
19597.1
8.98394
1.75412e+06
19603.6
8.85577
8.73483
1.75818e+06
19609.3
8.62038
19614.5
1.76338e+06
8.51248
8.40981
19618.6
1.76999e+06
8.31127
19625.1
8.21746
1.77504e+06
19630
8.12865
8.04401
19630.3
1.77896e+06
7.96386
19634.7
7.88746
1.78227e+06
7.81428
19634.3
1.78535e+06
7.74439
19631.9
7.67791
1.78831e+06
7.61487
19629.4
7.55521
1.7911e+06
7.49839
19626.6
7.44416
1.7941e+06
19624.7
7.39243
7.34295
1.79708e+06
19622.8
7.29568
1.80003e+06
7.2503
19622.1
7.20711
1.80305e+06
7.16575
19621.6
7.1263
1.80647e+06
19621.5
7.08869
7.05286
1.81075e+06
19621.2
7.01831
6.98519
19620.3
1.81508e+06
6.95311
6.92219
1.81854e+06
6.89221
6.86287
1.81995e+06
6.83448
6.8071
1.81997e+06
6.78063
6.75511
6.73045
6.70633
6.683
6.66046
59.0867
1.81889e+06
6.63853
56.3558
6.61716
53.4566
6.59637
50.9885
6.57646
48.8364
1.81687e+06
6.55717
46.8671
6.53837
1.81523e+06
45.0355
6.52021
43.3213
6.50256
1.81368e+06
41.7172
6.48542
40.2196
6.46876
38.8299
1.81207e+06
6.45249
37.5541
6.43665
36.3974
6.42136
35.3611
1.81043e+06
6.4066
34.4177
6.39222
33.5335
6.37821
32.7066
1.8089e+06
31.9258
6.36466
31.1806
6.35161
30.461
6.33893
29.7591
6.32659
29.0674
6.31469
28.3776
6.30316
27.6848
6.29213
26.9859
6.28165
26.2761
6.27153
25.5504
6.26168
24.807
6.25216
24.049
1.80752e+06
6.24282
23.2756
6.23374
22.491
6.22498
21.6966
6.21653
20.8965
6.20832
20.0972
6.20032
19.3073
6.19247
1.80619e+06
18.5279
6.18485
17.7589
6.17737
17.0105
6.17001
16.2918
6.1628
15.6092
6.15581
14.9674
14.3625
13.7872
13.2417
12.7222
12.2282
11.7645
1.80498e+06
11.33
10.9233
10.5443
10.1949
9.8773
9.59083
9.32893
9.08512
8.85738
8.64276
8.43809
1.80375e+06
8.24173
8.0532
7.87408
7.70276
1.80265e+06
7.53865
7.38396
7.23614
7.09497
1.8016e+06
6.96011
6.83129
6.70888
1.80067e+06
6.59211
6.48138
1.79978e+06
6.37659
6.27771
1.79886e+06
6.18473
6.09716
1.79802e+06
6.01472
5.93713
1.79726e+06
5.86464
5.79644
1.79657e+06
5.73143
5.66878
1.79592e+06
5.61099
5.55788
1.79531e+06
5.5089
5.46347
1.79476e+06
5.42163
1.79425e+06
5.38332
5.3485
1.79371e+06
5.31673
5.28704
1.79319e+06
5.25903
5.2326
1.79277e+06
5.20766
5.18371
1.79237e+06
5.16042
5.13737
1.792e+06
5.11365
5.09032
1.79171e+06
5.0685
1.79141e+06
5.04834
5.02997
1.79114e+06
5.01304
4.99781
1.7909e+06
4.98384
4.97118
1.79068e+06
4.95976
4.94912
1.79048e+06
4.93958
4.93081
1.79026e+06
4.92281
4.91554
1.79008e+06
4.90854
4.90174
1.78991e+06
4.89524
1.78975e+06
4.889
4.88285
1.78961e+06
4.87687
4.87097
1.78948e+06
4.86525
4.85966
1.78939e+06
4.85428
4.84921
1.78932e+06
4.8446
4.84016
1.78925e+06
4.83575
4.8313
1.7892e+06
4.82681
4.82231
1.78917e+06
4.81785
1.78912e+06
4.81343
4.80915
1.78909e+06
4.80498
4.80095
1.78907e+06
4.79712
4.79351
1.78903e+06
4.79045
4.78768
1.789e+06
4.78508
4.78255
1.78898e+06
4.78008
4.77772
1.78895e+06
4.77539
1.78893e+06
4.77314
4.77104
1.78893e+06
4.769
4.76701
1.78891e+06
4.76511
4.76325
1.78888e+06
4.76144
4.75973
1.78886e+06
4.7581
1.78884e+06
1.78882e+06
1.78878e+06
1.78875e+06
1.78872e+06
1.78869e+06
1.78866e+06
1.78863e+06
1.78861e+06
1.78858e+06
1.78855e+06
1.78852e+06
1.7885e+06
1.78848e+06
1.78844e+06
1.7884e+06
1.78837e+06
1.78832e+06
1.78828e+06
1.78824e+06
1.78821e+06
1.78818e+06
1.78816e+06
1.78814e+06
1.78813e+06
1.78812e+06
1.7881e+06
1.78809e+06
1.78809e+06
1.78809e+06
1.7881e+06
1.7881e+06
1.7881e+06
1.78811e+06
1.78811e+06
1.78811e+06
1.7881e+06
1.78811e+06
1.78812e+06
1.78812e+06
1.78812e+06
