0.0179528
0.0176109
0.0180009
0.0176356
0.0165514
0.0165542
0.015039
0.0150362
0.0140123
0.0140221
0.0134295
0.013424
0.0129998
0.0130019
0.0126694
0.0124007
0.0126722
0.0121532
0.0123945
0.0119323
0.0155618
0.0121576
0.0117407
0.0115569
0.0167431
0.011925
0.0115212
0.0117303
0.0162578
0.0115887
0.0115472
0.0115545
0.0152188
0.0114825
0.0115169
0.0113973
0.0142689
0.0115815
0.0113298
0.0112342
0.0136491
0.0115474
0.0111441
0.0114672
0.0110802
0.0132284
0.0110201
0.0113968
0.0109852
0.0129384
0.0113152
0.0110232
0.0126573
0.0112237
0.0110907
0.0111585
0.0111278
0.0124435
0.0112407
0.0110606
0.0113379
0.0122335
0.0114436
0.0110098
0.0115349
0.0120279
0.010958
0.011664
0.0109869
0.0117742
0.011843
0.0120162
0.0110547
0.0118908
0.0123392
0.0111247
0.0125801
0.0119717
0.0128037
0.011205
0.0130293
0.0113029
0.0119658
0.0131934
0.0113931
0.0132839
0.0119018
0.0133537
0.011492
0.0132674
0.011853
0.0115959
0.0131952
0.0117934
0.0132456
0.0117145
0.0132459
0.0119246
0.0117073
0.0132598
0.0122292
0.0133362
0.0116077
0.0133213
0.0124802
0.0133261
0.0115529
0.0127035
0.0133185
0.0133474
0.0129008
0.0114611
0.0133547
0.0130186
0.0133642
0.0114026
0.0130998
0.0134013
0.0113303
0.0133882
0.0130352
0.013375
0.0129443
0.0112815
0.0133662
0.013369
0.0129361
0.0112323
0.0133555
0.0130064
0.0133535
0.011245
0.0130588
0.0133426
0.0133395
0.0112767
0.0130577
0.0133009
0.013092
0.011276
0.0132796
0.0131243
0.0132165
0.0112984
0.0131572
0.0131333
0.0131295
0.0112613
0.0131362
0.0130879
0.0130731
0.013143
0.011164
0.0130549
0.0131487
0.0130016
0.0110279
0.0131786
0.0129627
0.0129099
0.0108474
0.0131849
0.0128564
0.013168
0.0105857
0.0128018
0.0127623
0.0131697
0.0104957
0.0127297
0.0131861
0.0127105
0.01047
0.0131685
0.0126994
0.0126623
0.0131737
0.0103925
0.0126413
0.0131775
0.0126209
0.0103965
0.0125905
0.0131617
0.0103494
0.0125529
0.0131592
0.0125179
0.0103021
0.012474
0.0132
0.0124281
0.0102505
0.0123772
0.0131994
0.0123401
0.0102164
0.0131925
0.012321
0.012302
0.0101437
0.0131631
0.0122797
0.0101008
0.0122536
0.0131314
0.01224
0.010059
0.0122155
0.0130879
0.0122012
0.00996792
0.0130469
0.0121896
0.0121936
0.00991973
0.0130083
0.0121831
0.0121617
0.0129656
0.00988558
0.0121358
0.0121087
0.00986949
0.0120951
0.0120749
0.00992716
0.0120527
0.0120386
0.0101184
0.0120187
0.0119987
0.0119819
0.011959
0.0119354
0.0119189
0.0178541
0.0104048
0.0118941
0.0174165
0.0118686
0.0160348
0.0118385
0.0145634
0.0118209
0.0136851
0.010534
0.0118061
0.0131533
0.0117862
0.0106245
0.0127138
0.0117618
0.0123858
0.0117335
0.0106746
0.0121118
0.0117141
0.0118844
0.0116976
0.0116608
0.0106914
0.0116778
0.0114459
0.0116584
0.011226
0.0116467
0.0110334
0.0106928
0.0116331
0.0112065
0.0116146
0.0111467
0.0115903
0.0110637
0.0106942
0.0109459
0.0115655
0.0108437
0.0115474
0.010731
0.0115306
0.010617
0.0115154
0.0105062
0.0114984
0.010432
0.0114786
0.0103985
0.0114585
0.0104008
0.0114409
0.0104628
0.0114224
0.0105598
0.011401
0.0106391
0.011379
0.0107537
0.0107035
0.0113576
0.0108676
0.0113345
0.0109944
0.0113125
0.0111311
0.0112975
0.0112683
0.0112857
0.0114321
0.0112738
0.0116919
0.0112574
0.0106899
0.0121217
0.0112399
0.0123833
0.0112253
0.0125697
0.0112093
0.0127253
0.0111933
0.0127601
0.0111803
0.0126242
0.0125388
0.0125241
0.0125791
0.01271
0.0128277
0.0129458
0.0107207
0.0130615
0.0131449
0.0132245
0.0133143
0.0133444
0.0133411
0.0133199
0.0133394
0.013342
0.013333
0.0133194
0.0107077
0.0132813
0.0132537
0.013203
0.0131383
0.0107259
0.0130431
0.0129701
0.0129204
0.0128756
0.0107246
0.0128484
0.0127862
0.0127348
0.010728
0.0126782
0.0126293
0.0107283
0.0125666
0.0125409
0.0106892
0.0125195
0.0124876
0.0106648
0.0124214
0.0123474
0.0106403
0.0122802
0.0122167
0.010633
0.0121425
0.0120457
0.0106376
0.0119741
0.011917
0.0106268
0.0118639
0.0117987
0.0106186
0.0117516
0.0106386
0.0117238
0.0116989
0.0106388
0.0116742
0.0116269
0.0106151
0.0115831
0.0115409
0.0106022
0.0115109
0.0114655
0.0105881
0.0114122
0.0113466
0.0105627
0.0112548
0.0111797
0.0105614
0.0111383
0.0105418
0.0111156
0.0111032
0.010541
0.0110814
0.0110823
0.0105482
0.011067
0.011064
0.0105243
0.0110692
0.0110674
0.010526
0.0110642
0.0110564
0.0105098
0.0110516
0.0110541
0.0104831
0.0110515
0.0110419
0.0104616
0.01103
0.0104357
0.011016
0.0109958
0.0104327
0.0109805
0.0109623
0.0104118
0.0109452
0.0109288
0.0103967
0.0109141
0.0109009
0.0103801
0.0108936
0.0108844
0.0103502
0.0108724
0.0108549
0.0103272
0.010836
0.0108181
0.0102971
0.0108019
0.0102553
0.0107839
0.01077
0.010216
0.0107545
0.0107309
0.0101859
0.0107171
0.0107071
0.0101379
0.0107107
0.0107153
0.0100935
0.0107144
0.0107087
0.01006
0.0106982
0.0106835
0.0100233
0.0106699
0.00998072
0.0106611
0.010653
0.00994604
0.0106437
0.0106326
0.00991441
0.010623
0.0106115
0.00988083
0.0106011
0.0105933
0.00985083
0.0105842
0.00982692
0.00981174
0.00978081
0.00975682
0.00974888
0.00974473
0.00971801
0.00968322
0.00966234
0.0096472
0.00962282
0.00960972
0.00960075
0.00959344
0.00957984
0.00956651
0.0095625
0.00956021
0.00954701
0.00953251
0.00951392
0.0094913
0.00947162
0.00945226
0.00943802
0.00942639
0.00941515
0.00940042
0.00938484
0.00936073
0.0093414
0.00932425
0.00930523
0.00929456
0.0092866
0.0092722
0.00925698
0.00924208
0.00922804
0.00921555
0.00920164
