7.05425
6.40987
5.76241
5.5392
5.43322
5.43226
5.46712
5.54727
5.65031
5.64891
5.63087
5.58832
5.54983
5.52633
5.5093
5.49845
5.49215
5.48906
5.48783
5.49023
5.48432
5.47821
5.47296
5.47038
5.46731
5.46732
5.46551
5.46738
5.46951
5.4678
5.46705
5.4675
5.46812
5.46927
5.46971
5.47033
5.47154
5.47199
5.47288
5.47367
5.4743
5.47483
5.47513
5.47702
5.47665
5.47903
5.48003
5.48253
5.48138
5.47946
5.47976
5.48079
5.48167
5.48333
5.48396
5.48427
5.48514
5.48566
5.48623
5.48667
5.48731
5.48758
5.48834
5.48959
5.48834
5.49187
5.48907
5.48708
5.49323
5.48953
5.49036
69618.4
72232
73921.8
78788.1
91717.6
79561.2
4.4029e-08
3.48587e-14
4.45658e-14
6.41969e-14
5.99209e-14
7.5836e-14
1.20441e-13
7.23737e-14
7.42081e-14
704.982
642.834
579.107
556.627
545.436
543.991
546.213
553.59
564.625
565.62
562.889
557.484
554.026
551.798
550.046
548.591
547.767
547.196
546.869
547.381
547.251
547.044
546.547
546.334
546.285
546.44
546.566
546.782
546.642
546.54
546.495
546.582
546.622
546.796
546.921
546.966
547.08
547.134
547.203
547.242
547.289
547.31
547.295
547.402
547.304
547.452
547.481
547.636
547.45
547.183
547.142
547.177
547.185
547.275
547.275
547.269
547.335
547.357
547.407
547.437
547.47
547.481
547.445
547.596
547.503
547.743
547.84
547.382
547.953
547.617
547.6
