14.3285
12.0528
10.3489
9.3913
8.8153
8.43495
8.17228
8.0477
8.03949
7.95913
7.89022
7.79986
7.70594
7.61986
7.5329
7.4487
7.3661
7.28828
7.21688
7.15431
7.08585
7.01753
6.95223
6.89231
6.83644
6.7887
6.74451
6.7107
6.68231
6.65454
6.63111
6.61162
6.59513
6.58084
6.56751
6.55592
6.54618
6.53658
6.52851
6.52146
6.51471
6.50826
6.50211
6.49806
6.49204
6.48937
6.48562
6.48352
6.47796
6.47195
6.46852
6.46589
6.46334
6.46182
6.45959
6.45715
6.45534
6.4533
6.45144
6.44949
6.44782
6.44587
6.44452
6.44374
6.44052
6.4422
6.43776
6.43419
6.43892
6.43391
6.43341
69625.3
72237.6
73926.6
78792.2
91721
79564
2.54741
2.37526
2.25033
2.12251
1.98445
1.84688
1.73736
1.67676
1.64497
712.251
648.499
583.73
560.516
548.854
547.034
548.959
556.124
567.036
567.957
565.175
559.718
556.205
553.916
552.097
550.565
549.661
549.01
548.605
549.045
548.846
548.57
548.009
547.736
547.636
547.746
547.833
548.016
547.847
547.721
547.655
547.723
547.744
547.902
548.013
548.045
548.148
548.191
548.252
548.283
548.324
548.338
548.318
548.42
548.318
548.462
548.487
548.639
548.449
548.179
548.135
548.166
548.172
548.259
548.257
548.248
548.311
548.33
548.377
548.405
548.435
548.444
548.406
548.555
548.459
548.697
548.792
548.332
548.901
548.563
548.544
