0.0121479
0.010341
0.00908657
0.00859041
0.00930286
0.00998563
0.0102802
0.0105528
0.0112704
0.0116143
0.0117899
0.0118661
0.0119289
0.0119764
0.0120302
0.0121217
0.0121753
0.0122136
0.0123084
0.012452
0.012592
0.0126322
0.0126135
0.0125736
0.0125184
0.0124241
0.0123115
0.0122504
0.0121966
0.0121338
0.012067
0.0119882
0.0119196
0.011846
0.0117708
0.0117084
0.01166
0.0116084
0.011558
0.0115179
0.0114743
0.0114255
0.0113769
0.0113338
0.0112901
0.0112574
0.011223
0.0111845
0.0111449
0.0111102
0.0110805
0.011046
0.011018
0.0109936
0.0109758
0.0109579
0.0109379
0.0109189
0.0109007
0.0108792
0.0108552
0.0108309
0.010807
0.0107811
0.0107535
0.0107281
0.0107081
0.0106877
0.0106718
0.010659
0.0106435
0.00785983
0.00478522
0.00418875
0.00356195
0.00235521
0.00628268
0.00291358
0.0055609
0.00920701
0.0115441
0.0128623
0.0135174
0.0137375
0.0137333
0.0131833
0.0119974
0.01026
0.00901441
0.00859485
0.0093015
0.00995369
0.010283
0.0105417
0.0111334
0.0115808
0.011838
0.0119243
0.0120018
0.0120923
0.0121925
0.012212
0.0122417
0.0122819
0.0123117
0.0123983
0.0124877
0.0125166
0.0125092
0.0124695
0.0124394
0.0123594
0.0122551
0.0121477
0.0120487
0.0120004
0.0119499
0.0119069
0.0118312
0.0117474
0.0116809
0.0116265
0.0115832
0.0115471
0.0115141
0.0114752
0.0114344
0.0113967
0.0113649
0.0113337
0.011307
0.0112864
0.0112709
0.0112589
0.0112427
0.0112247
0.0112102
0.0111948
0.0111786
0.0111622
0.0111441
0.0111205
0.011098
0.0110737
0.0110517
0.0110311
0.0110083
0.0109883
0.0109655
0.010946
0.0109194
0.0108955
0.0108807
0.0108661
0.0108508
0.0108353
0.0108247
