7.05425
7.40399
6.80282
6.41844
6.22952
6.11486
6.07064
6.05248
6.06135
6.11504
6.18605
6.31273
6.27921
6.21841
6.18832
6.15575
6.13042
6.10951
6.0943
6.08384
6.07207
6.06087
6.05195
6.0508
6.06201
6.05109
6.02893
6.01584
6.00428
5.99389
5.98658
5.98507
5.98388
5.98378
5.98074
5.97948
5.98073
5.98228
5.98451
5.98788
5.99112
5.99384
5.9967
6.00075
6.00256
6.00731
6.00944
6.0127
6.01182
6.01002
6.01015
6.01107
6.01185
6.01366
6.01455
6.01507
6.01604
6.01674
6.01747
6.0182
6.01909
6.0197
6.02088
6.02248
6.02146
6.02573
6.02298
6.02128
6.02859
6.02512
6.02668
6.02789
6.02876
6.03051
6.03136
6.0321
6.03318
6.03393
6.03487
6.03574
6.03663
6.03737
6.03906
6.03968
6.04219
6.04011
6.04126
6.04444
6.04444
6.04495
6.04645
6.04765
6.04966
6.05059
6.05141
6.05294
6.05384
6.05506
6.05611
6.05714
6.0579
