15.0902
13.843
12.132
10.9612
10.2188
9.73518
9.43608
9.205
9.03042
8.92671
8.90905
8.81156
8.68872
8.59841
8.50728
8.42347
8.34597
8.27484
8.21241
8.15066
8.09203
8.03723
7.99278
7.96852
7.92067
7.85662
7.80062
7.74684
7.69512
7.64719
7.60779
7.57116
7.53917
7.50675
7.47835
7.45455
7.43247
7.41251
7.39603
7.38056
7.3658
7.35307
7.34292
7.33191
7.32565
7.31801
7.31254
7.30381
7.2953
7.28931
7.28435
7.27964
7.27642
7.27293
7.26952
7.26677
7.26417
7.2617
7.25938
7.25722
7.25492
7.25343
7.25229
7.24856
7.25031
7.24507
7.2409
7.24596
7.2403
7.23979
7.23906
7.23801
7.23792
7.23696
7.23601
7.2354
7.23444
7.23371
7.23297
7.2322
7.23125
7.23119
7.23001
7.2308
7.22706
7.22662
7.22824
7.22669
7.22561
7.22555
7.22534
7.22595
7.22545
7.22486
7.22504
7.22457
7.22444
7.22423
7.22402
7.22357
