0.036051
0.0257115
0.0223367
0.0199824
0.0186409
0.0181626
0.0193435
0.020204
0.0206361
0.0211252
0.0216116
0.0226409
0.0235053
0.0241401
0.0245816
0.0249199
0.0251305
0.0252359
0.0252573
0.0252975
0.0253688
0.0254897
0.025614
0.025764
0.0260597
0.0263533
0.026563
0.0267485
0.0269012
0.0270043
0.027018
0.0270059
0.0269845
0.0269833
0.0269599
0.0268896
0.0268106
0.0267155
0.0266011
0.0265113
0.0264083
0.0262939
0.026188
0.0260872
0.0259951
0.025926
0.02587
0.0258221
0.0257733
0.0257372
0.0256991
0.0256533
0.0256089
0.0255646
0.0255317
0.0255059
0.0254784
0.0254572
0.0254338
0.0254095
0.0253798
0.0253503
0.025325
0.0252926
0.0252589
0.0252281
0.0251931
0.025157
0.0251264
0.0250964
0.0250682
0.0250435
0.0250152
0.0249881
0.0249598
0.0249348
0.0249086
0.0248811
0.0248537
0.0248269
0.0247963
0.0247635
0.0247274
0.0246886
0.0246515
0.024616
0.0245829
0.0245504
0.0245175
0.0244829
0.0244491
0.0244202
0.0243912
0.0243606
0.0243302
0.0243013
0.0242717
0.0242425
0.0242158
0.0241898
