254.077
224.346
209.063
199.902
195.034
191.982
189.922
188.393
187.213
186.299
185.579
185.004
184.548
184.204
183.983
184.002
184.16
184.37
184.6
184.835
185.057
185.293
185.517
185.754
186.048
186.449
186.86
187.248
187.628
187.962
188.343
188.685
189.074
189.532
190.068
190.597
191.129
191.522
191.913
192.31
192.714
193.038
193.327
193.586
193.773
193.9
193.96
193.955
193.921
193.877
193.816
193.778
193.737
193.691
193.648
193.572
193.449
193.348
193.255
193.171
193.097
193.002
192.92
192.851
192.794
192.738
192.694
192.655
192.621
192.592
192.566
192.547
192.537
192.537
192.528
192.522
192.53
192.521
192.516
192.508
192.508
192.508
192.52
192.532
192.542
192.53
192.516
192.503
192.494
192.488
192.486
192.49
192.504
192.498
192.496
192.498
192.511
192.509
192.508
192.512
192.525
192.549
192.578
192.597
192.612
192.608
192.608
192.61
192.617
192.63
192.662
192.672
192.637
192.602
192.574
192.551
192.532
192.514
192.495
192.479
192.465
192.454
192.443
192.433
192.424
192.415
192.407
192.399
192.391
192.384
192.376
192.37
192.365
192.36
192.356
192.353
192.35
192.348
192.346
192.344
192.342
192.342
192.341
192.342
192.342
192.343
192.344
192.347
192.35
192.355
192.362
