313.121
280.645
262.473
250.855
243.81
238.787
234.888
231.636
228.854
226.459
224.367
222.527
220.918
219.538
218.367
217.495
216.816
216.232
215.706
215.209
214.714
214.241
213.757
213.278
212.846
212.512
212.175
211.798
211.397
210.934
210.511
210.045
209.627
209.286
209.035
208.792
208.572
208.237
207.931
207.667
207.442
207.167
206.888
206.605
206.283
205.935
205.553
205.139
204.728
204.339
203.964
203.637
203.331
203.038
202.772
202.494
202.184
201.91
201.66
201.431
201.222
201.001
200.799
200.618
200.456
200.302
200.165
200.04
199.925
199.82
199.723
199.635
199.559
199.497
199.428
199.366
199.322
199.264
199.214
199.164
199.125
199.087
199.063
199.042
199.022
198.98
198.938
198.9
198.867
198.84
198.816
198.8
198.795
198.771
198.752
198.738
198.735
198.718
198.702
198.691
198.688
198.697
198.709
198.711
198.709
198.688
198.67
198.655
198.644
198.641
198.656
198.651
198.602
198.555
198.516
198.483
198.456
198.431
198.405
198.383
198.363
198.345
198.329
198.313
198.298
198.284
198.27
198.256
198.243
198.231
198.219
198.208
198.198
198.189
198.181
198.173
198.166
198.159
198.153
198.147
198.141
198.136
198.131
198.127
198.123
198.12
198.117
198.115
198.115
198.115
198.118
