0.017783
0.0175081
0.0160277
0.0145039
0.0137896
0.0131924
0.0128173
0.0125057
0.0121845
0.0119149
0.0116946
0.0115018
0.011319
0.011127
0.0113056
0.0112642
0.0111894
0.0110849
0.010968
0.0108604
0.0107735
0.0106558
0.0106272
0.0106102
0.010631
0.0106934
0.0108174
0.0109128
0.0110362
0.0111433
0.0112603
0.011393
0.0114992
0.0117033
0.0119059
0.012209
0.0124793
0.0126512
0.0127143
0.0126906
0.0127177
0.0126709
0.0127372
0.0128167
0.0128902
0.0130627
0.0131851
0.0132621
0.0133633
0.0134234
0.0134765
0.0134791
0.0134551
0.0134338
0.0134581
0.0134315
0.0133509
0.0133062
0.0132632
0.013242
0.013197
0.0131141
0.013061
0.0130219
0.0129672
0.0129251
0.0128976
0.012876
0.0128208
0.0127601
0.0126732
0.0125926
0.0125294
0.0124746
0.0124094
0.0123584
0.0122993
0.0122688
0.012223
0.0121854
0.0121311
0.0120903
0.0120316
0.0120036
0.0119719
0.0119414
0.0118959
0.0118574
0.011806
0.0117528
0.0117012
0.0116502
0.0116013
0.0115609
0.0115267
0.0114957
0.0114567
0.0114442
0.0114185
0.0113922
0.0113633
0.0113242
0.0112815
0.0112542
0.0112284
0.011209
0.0111975
0.0111889
0.011187
0.0111727
0.0111617
0.0111745
0.0111916
0.0111936
0.011179
0.0111566
0.0111511
0.0111631
0.0111584
0.0111681
0.0111497
0.0111319
0.0111182
0.0111034
0.0110893
0.0110764
0.0110641
0.0110533
0.0110458
0.0110429
0.0110306
0.0110138
0.0109973
0.0109776
0.0109573
0.0109378
0.0109171
0.0108995
0.0108839
0.0108672
0.0108496
0.0108336
0.0108179
0.0108054
0.010794
0.0107854
0.0107743
0.0107617
0.0107524
0.0107441
0.0107398
