254.077
224.958
209.204
199.741
194.717
191.789
189.826
188.398
187.32
186.48
185.821
185.309
184.918
184.647
184.529
184.675
184.92
185.21
185.5
185.788
186.064
186.325
186.617
186.952
187.461
187.954
188.3
188.62
188.934
189.229
189.521
189.848
190.227
190.711
191.212
191.663
192.078
192.486
192.88
193.265
193.649
194.041
194.459
194.85
195.165
195.41
195.599
195.736
195.839
195.916
195.976
196.031
196.065
196.088
196.102
196.107
196.092
196.082
196.076
196.07
196.068
196.062
196.063
196.07
196.087
196.116
196.139
196.128
196.118
196.087
196.065
196.041
196.011
195.987
195.967
195.945
195.921
195.902
195.888
195.87
195.852
195.838
195.828
195.823
195.816
195.809
195.8
195.787
195.773
195.763
195.751
195.739
195.725
195.712
195.701
195.688
195.674
195.662
195.653
195.643
195.636
195.629
195.622
195.615
195.609
195.604
195.599
195.586
195.577
195.57
195.566
195.563
195.561
195.561
195.564
195.569
195.577
195.591
195.602
195.603
195.607
195.612
195.62
195.63
195.643
195.661
195.684
195.709
195.723
195.742
195.766
195.797
195.837
195.884
195.919
195.961
196.009
196.052
196.074
196.095
196.12
196.15
196.186
196.23
196.283
196.351
196.445
196.596
196.958
197.406
197.386
