313.168
281.286
262.508
250.47
243.239
238.32
234.523
231.396
228.742
226.45
224.457
222.728
221.242
220
218.988
218.298
217.76
217.311
216.895
216.505
216.123
215.74
215.392
215.089
214.961
214.81
214.5
214.151
213.783
213.378
212.957
212.557
212.199
211.941
211.693
211.391
211.056
210.726
210.401
210.095
209.825
209.609
209.462
209.327
209.151
208.935
208.694
208.429
208.151
207.867
207.582
207.306
207.022
206.74
206.464
206.193
205.918
205.657
205.412
205.177
204.957
204.744
204.55
204.375
204.222
204.091
203.965
203.815
203.673
203.52
203.383
203.252
203.12
202.999
202.888
202.779
202.673
202.575
202.486
202.397
202.31
202.229
202.156
202.09
202.026
201.964
201.903
201.84
201.778
201.721
201.666
201.612
201.557
201.505
201.458
201.409
201.362
201.318
201.277
201.238
201.202
201.167
201.133
201.1
201.069
201.041
201.013
200.978
200.947
200.92
200.895
200.874
200.852
200.834
200.819
200.808
200.799
200.797
200.792
200.778
200.766
200.757
200.749
200.745
200.744
200.747
200.757
200.768
200.769
200.774
200.785
200.803
200.83
200.864
200.887
200.917
200.952
200.983
200.994
201.003
201.017
201.035
201.059
201.091
201.133
201.188
201.269
201.407
201.755
202.19
202.157
