0.0182074
0.0177428
0.0167034
0.0149957
0.0141033
0.0135338
0.0131032
0.0127684
0.0124812
0.0122353
0.0120208
0.0118467
0.0116514
0.0116729
0.0116895
0.01169
0.0116049
0.0115191
0.011436
0.0113306
0.0112377
0.0111692
0.0111372
0.0110996
0.0111412
0.0112354
0.0113142
0.0113931
0.0114701
0.0115774
0.0116712
0.0117845
0.0119169
0.0121654
0.0124579
0.0126931
0.0128858
0.0130668
0.013216
0.0133273
0.0134079
0.0133663
0.013364
0.0133329
0.0133331
0.0133476
0.0133789
0.0133455
0.0133529
0.0133723
0.0133503
0.0133788
0.0133559
0.0133782
0.0133968
0.0134298
0.0134555
0.0134729
0.0134973
0.0135049
0.0135077
0.0135084
0.0134861
0.0134129
0.0133651
0.013349
0.0133104
0.0132709
0.0132592
0.0132238
0.0131521
0.0130814
0.0130307
0.0129731
0.0129326
0.0129146
0.0128821
0.0128197
0.012772
0.0127411
0.0127145
0.0126823
0.0126357
0.0126094
0.0125672
0.0125512
0.0125578
0.012561
0.0125307
0.0125066
0.0124616
0.0124403
0.0124126
0.0123762
0.0123666
0.0123519
0.0123324
0.0123063
0.0122839
0.0122552
0.0122417
0.0122202
0.0122029
0.0121896
0.0121634
0.0121453
0.012133
0.0121036
0.0120817
0.0120607
0.0120354
0.0120142
0.0119871
0.0119545
0.0119204
0.0118957
0.0118744
0.0118403
0.0118136
0.0117868
0.0117629
0.0117341
0.0117114
0.011681
0.0116585
0.0116318
0.0116087
0.0115858
0.0115543
0.0115117
0.0114738
0.0114414
0.0114159
0.011389
0.0113521
0.0113213
0.0113072
0.0113027
0.0112905
0.011264
0.0112341
0.0111996
0.0111577
0.0111144
0.0110703
0.0110258
0.0109706
0.0108983
0.0108227
0.0107828
0.0107427
