0.0252687
0.0215332
0.0201181
0.0194101
0.0190253
0.0187836
0.018623
0.01851
0.0184294
0.0183764
0.0183489
0.0183625
0.0184048
0.0184534
0.0184999
0.0185416
0.0185795
0.0186316
0.0187101
0.0187597
0.0188048
0.0188531
0.0189171
0.0190023
0.0190727
0.0191287
0.0191808
0.0192275
0.0192718
0.0193002
0.0193249
0.0193318
0.0193272
0.0193165
0.0193017
0.0192841
0.019266
0.0192509
0.0192381
0.0192259
0.0192135
0.0192026
0.0191924
0.0191837
0.0191778
0.0191731
0.0191692
0.0191639
0.0191584
0.0191535
0.0191485
0.0191446
0.0191418
0.01914
0.0191403
0.0191406
0.0191392
0.0191384
0.0191384
0.0191392
0.0191412
0.0191426
0.0191435
0.0191438
0.0191446
0.0191449
0.0191454
0.0191458
0.019146
0.0191464
0.0191468
0.0191473
0.0191479
0.0191487
0.0191495
0.0191505
0.0191517
0.0191528
0.0191541
0.0191556
0.019157
0.0191585
0.0191602
0.0191621
0.0191639
0.0191657
0.0191676
0.0191697
0.0191719
0.0191743
0.0191767
0.0191792
0.0191819
0.0191848
0.0191877
0.019191
0.0191946
0.0191986
0.0192031
0.0192077
0.0192128
0.0192181
0.0192237
0.0192311
0.0192388
0.0192447
0.0192492
0.0192542
0.0192525
0.0192523
0.0192522
0.0192532
0.0192552
0.0192578
0.0192615
0.0192653
0.0192685
0.0192725
0.0192778
0.0192834
0.0192898
0.0192988
0.0193079
0.019317
0.0193303
0.0193328
0.0193363
0.0193417
0.0193482
0.0193539
0.0193588
0.0193577
0.0193578
0.0193593
0.0193628
0.0193669
0.0193723
0.0193813
0.0193914
0.0193984
0.0193992
0.0194013
0.0194059
0.0194122
0.0194209
0.0194316
0.019433
0.0194304
0.0194323
0.0194362
0.0194242
