11.5641
10.835
10.1835
9.61043
9.08795
8.61099
8.17315
7.77405
7.41922
7.11005
6.84074
6.59488
6.37039
6.16094
5.96222
5.76808
5.57437
5.37884
5.17757
4.96901
4.75482
4.53791
4.32272
4.11222
3.9075
3.71383
3.53832
3.38572
3.2566
3.1461
3.05305
2.9748
2.90797
2.8507
2.8011
2.75838
2.72177
2.69108
2.66553
2.64435
2.62652
2.61139
2.59825
2.58655
2.5761
2.56644
2.55733
2.54879
2.54081
2.53323
2.52601
2.51907
2.51239
2.50583
2.49938
2.49311
2.48714
2.48131
2.47564
2.47011
2.46507
2.46033
2.45579
2.45162
2.4478
2.44423
2.44087
2.43765
2.43456
2.43154
2.4286
2.42577
2.42306
2.42037
2.4177
2.41505
2.41241
2.40976
2.40709
2.40443
2.40172
2.39897
2.39618
2.39337
2.3905
2.38758
2.38458
2.38153
2.37838
2.3752
2.37194
2.36858
2.36515
2.36161
2.35796
2.35422
2.35039
2.3465
2.34261
2.33871
2.33482
2.33096
2.32707
2.32332
2.31971
2.31636
2.31322
2.31021
2.30687
2.30343
2.29976
2.29592
2.29193
2.28781
2.28355
2.27916
2.27462
2.26988
2.26503
2.26001
2.25472
2.24919
2.24354
2.2377
2.23171
2.22548
2.21908
2.2125
2.20571
2.19868
2.19138
2.18387
2.17608
2.16803
2.15987
2.1515
2.14289
2.13423
2.12565
2.1169
2.10788
2.09855
2.08886
2.07891
2.06903
2.05973
2.05166
2.04515
2.04024
2.03645
2.03393
