0.00703454
0.00854684
0.00865619
0.00861312
0.00838886
0.00816355
0.00802692
0.00791381
0.00779493
0.00772153
0.00794194
0.00805688
0.00811543
0.00814977
0.00818094
0.0082506
0.00833344
0.00857961
0.00892409
0.00914564
0.0093278
0.00947558
0.00968859
0.0100029
0.0102551
0.0104167
0.010532
0.0104646
0.0104394
0.0105051
0.0105386
0.0105909
0.0106032
0.0106403
0.0106644
0.0106927
0.0106646
0.0106352
0.0105509
0.0104822
0.0104434
0.0104213
0.0103679
0.0102869
0.0102132
0.0101465
0.010094
0.0100578
0.0100337
0.0100002
0.00997621
0.0099493
0.00993035
0.00990976
0.00990121
0.0098889
0.00987489
0.0098577
0.00984111
0.00982609
0.00981881
0.0098073
0.00980092
0.00979597
0.00978859
0.00978038
0.00977437
0.00976349
0.00975925
0.00974989
0.00974038
0.00973199
0.00972733
0.00971905
0.00970965
0.00970172
0.00969374
0.00968532
0.00967635
0.00966897
0.00965864
0.00964875
0.00964083
0.00963286
0.00962217
0.00961289
0.0096013
0.00959107
0.00957877
0.00957109
0.00956026
0.00954647
0.00953535
0.00952325
0.00951111
0.00950022
0.00948852
0.00948086
0.00947632
0.00947349
0.0094718
0.00946845
0.00946414
0.0094703
0.00948034
0.00948459
0.00949038
0.0095091
0.00948581
0.00946447
0.00943745
0.00941269
0.00938634
0.00936523
0.0093417
0.00932039
0.00930085
0.00927493
0.00925606
0.00923383
0.00920965
0.00917866
0.00915746
0.00913638
0.00912734
0.009115
0.00910339
0.00909268
0.00908327
0.00907945
0.00907375
0.0090826
0.00908576
0.00908509
0.00910169
0.00911334
0.00911534
0.009147
0.00920093
0.00923061
0.00920348
0.00916589
0.00913193
0.00910055
0.00909145
0.00909682
0.0091022
0.00912113
0.00914913
0.00934666
0.00919666
